5.606543,0.002970,0,2.2147
5.606543,0.011502,1,1.9319

1.380013,0.002991,0,2.2111
1.380013,0.011535,1,1.9312

1.255965,0.003046,0,2.2198
1.255965,0.011582,1,1.9400

1.273850,0.003132,0,2.2242
1.273850,0.011650,1,1.9407

1.244359,0.003181,0,2.2234
1.244359,0.011635,1,1.9451

1.276262,0.003015,0,2.2285
1.276262,0.011536,1,1.9472

1.341666,0.002809,0,2.1914
1.341666,0.011254,1,1.9101

1.163391,0.002816,0,2.2293
1.163391,0.011264,1,1.9472

1.163391,0.002816,0,2.2293
1.163391,0.011264,1,1.9472

1.163391,0.002816,0,2.2293
1.163391,0.011264,1,1.9472

1.400562,0.002989,0,2.2227
1.400562,0.011528,1,1.9465

1.294836,0.003462,0,2.1928
1.294836,0.011985,1,1.9115

1.288086,0.002882,0,2.2227
1.288086,0.011335,1,1.9465

1.031586,0.003316,0,2.2162
1.031586,0.011836,1,1.9421
